---
fiducial_values:
  "1":
    b_1: 1.250951
    b_2: 1.365806
    b_3: 1.500621
    b_4: 1.648023
    b_5: 1.799559

  "10":
    b_1: 1.090801
    b_2: 1.143735
    b_3: 1.210781
    b_4: 1.267298
    b_5: 1.3251
    b_6: 1.397247
    b_7: 1.45733
    b_8: 1.531859
    b_9: 1.593606
    b_10: 1.669875


sigmas:
  "1":
    b_1: 0.9
    b_2: 0.9
    b_3: 0.9
    b_4: 0.9
    b_5: 0.9
  "10":
    b_1: 0.9
    b_2: 0.9
    b_3: 0.9
    b_4: 0.9
    b_5: 0.9
    b_6: 0.9
    b_7: 0.9
    b_8: 0.9
    b_9: 0.9
    b_10: 0.9


  bias_prefactor:
    "1": 1.05  # galaxy bias prefactor (gbias = prefactor / growth_factor)
    "10": 0.95  # galaxy bias prefactor (gbias = prefactor / growth_factor)
...